113022
113055
104032
104027
104000
104080
113052
113017
104052
104056
113068
104067
113041
113058
104003
104016
113075
21052
113057
113098
104007
21064
104075
113056
104093
113006
113030
104045
21002
113000
21099
104053
21005
113073
104086
113087
113061
104044
21097
113010
21084
21057
113083
21089
113042
113037
104068
104055
113076
104087
113074
113007
113069
21092
104017
113003
21079
21031
21025
104061
21046
113018
104071
104042
104048
21030
21065
104062
21054
21094
104019
21088
113011
21011
113086
104011
104026
104015
21095
104063
113065
113001
21021
113072
104050
21022
104099
21074
104051
21027
21047
104090
21019
21055
104029
113067
104013
113013
104038
104073
21043
113049
21051
104024
104008
21096
113046
113029
113081
113077
104065
104043
21058
104077
104005
113044
21003
113035
104078
113079
113034
104081
21066
21091
113097
104069
21080
21028
21006
113054
21016
113026
21004
113089
104096
104001
21062
113062
104046
113015
21076
21008
113071
21035
113096
113084
21067
113091
113024
113064
21020
21001
113021
21017
113033
104014
104047
104060
104035
104082
21072
21045
113002
104031
113009
104089
21077
104091
104058
104070
104034
113004
21040
104079
113093
113020
21063
104074
104092
113031
113050
104084
113078
104098
104037
21007
104095
21071
113036
21041
21070
21000
113019
21038
104009
104072
113063
113012
21056
21018
21061
104085
113047
21048
113066
113060
113043
113040
21093
21023
113027
21075
21039
113092
113085
21015
21086
113080
21032
21085
21090
21012
113099
113051
104066
21037
21059
113023
104006
113088
104039
104088
21036
104002
21087
113082
21044
21042
113028
104054
104028
104097
21009
21068
21010
104057
104020
113095
104083
21069
21026
21033
21013
21050
21014
113053
113090
104049
113025
21034
104022
21049
113032
21053
21073
21098
104094
113045
104021
104059
